10
73
10
71
58
20
84
83
17
63
9
76
2
21
61
73
4
20
2
19
84
62
83
56
5
65
13
13
3
75
66
90
52
90
56
68
46
21
46
26
74
69
66
81
67
0
31
67
79
76
3
99
74
72
62
48
36
52
14
44
25
2
26
99
45
34
25
53
63
46
59
92
23
15
99
27
95
29
37
33
75
49
53
26
29
38
78
73
44
61
20
2
38
94
47
47
53
72
0
18
2
73
15
94
0
20
35
71
41
68
75
35
44
82
18
28
14
10
42
44
83
39
91
56
85
45
26
61
64
65
45
45
86
24
9
78
53
16
63
41
2
48
53
70
70
11
24
16
21
73
32
87
32
94
80
62
10
96
32
77
46
52
1
92
77
44
6
94
71
20
6
20
1
7
95
32
5
45
23
75
69
7
90
32
79
79
58
76
6
59
54
47
27
69
51
35
19
69
94
17
56
35
64
61
87
95
16
27
4
23
61
44
75
60
12
66
83
45
25
69
65
6
31
23
79
21
87
83
49
3
65
83
57
73
53
3
79
85
13
38
25
45
44
24
78
88
92
61
78
49
97
6
22
97
90
58
2
71
73
76
74
90
58
72
95
87
22
68
31
38
62
9
79
32
67
95
26
63
84
6
31
2
3
27
46
3
18
87
96
68
22
86
95
42
27
88
88
17
62
66
75
24
34
80
3
48
26
20
77
85
46
55
10
37
2
27
4
22
72
61
77
71
13
84
28
63
90
48
94
9
85
85
52
52
23
44
19
99
26
76
52
69
36
53
23
77
95
55
97
48
84
42
53
48
26
71
60
28
4
22
87
49
11
82
66
70
23
95
24
7
14
91
14
77
46
61
66
98
84
50
8
71
77
58
72
12
18
63
35
15
88
24
1
17
9
45
72
94
47
43
18
12
34
81
52
39
38
2
91
9
11
53
62
29
72
35
46
94
60
91
6
26
44
61
58
44
54
78
42
20
71
99
61
77
83
37
61
61
54
76
38
77
27
16
30
7
50
74
83
55
72
28
5
30
10
73
12
2
43
12
9
27
78
43
61
94
92
55
63
73
3
35
19
6
21
3
1
38
60
60
55
70
18
41
3
80
87
89
97
8
14
60
97
9
41
31
50
32
81
33
58
8
53
76
86
85
27
77
34
68
41
16
75
67
95
8
77
58
99
27
7
77
85
65
25
28
68
32
93
46
58
37
11
34
56
93
48
14
15
11
14
6
68
78
93
35
38
34
62
1
93
97
1
66
43
8
38
10
79
96
68
61
4
99
85
63
83
8
55
56
17
28
81
87
24
34
86
77
11
94
74
89
62
13
42
74
1
21
83
29
74
21
52
75
13
97
93
47
27
96
4
83
75
85
30
5
62
36
27
38
71
82
51
78
95
97
56
1
1
40
45
6
76
26
22
55
8
29
51
26
36
97
3
83
75
62
73
67
10
40
14
37
69
11
70
91
73
52
22
36
49
12
79
5
87
43
84
71
54
51
62
96
50
27
92
61
8
63
19
4
91
3
96
58
65
52
98
98
87
63
76
54
33
25
62
2
45
8
12
83
57
13
83
81
65
66
0
57
75
67
20
34
31
68
86
2
91
98
97
62
80
24
13
36
23
1
25
93
62
9
40
91
68
81
29
36
20
47
41
50
35
42
43
51
20
6
66
61
16
29
75
22
95
52
55
97
69
18
29
30
12
62
1
52
7
67
28
43
92
20
40
40
88
6
49
25
35
43
10
69
19
1
89
40
21
24
37
85
10
85
46
93
81
20
56
30
99
64
29
32
25
87
70
59
94
1
45
38
84
47
20
20
64
33
94
82
6
27
35
53
39
53
47
86
82
54
88
56
31
76
36
16
3
83
1
60
85
12
48
71
42
88
86
78
75
26
35
25
17
13
13
84
94
27
96
28
95
48
96
78
15
83
92
87
25
44
67
35
26
6
81
80
46
23
31
58
73
63
4
37
60
58
95
47
33
7
42
9
44
90
10
64
35
32
82
21
73
14
90
67
24
16
61
65
20
5
34
76
1
9
28
78
61
58
73
5
48
40
29
55
60
80
96
51
36
12
85
6
61
53
28
52
88
90
31
46
32
53
37
85
68
92
15
40
97
10
75
50
53
7
44
87
97
50
92
91
97
75
10
22
93
18
79
59
29
75
40
66
10
55
10
48
84
55
47
55
31
44
33
63
18
44
87
9
65
77
29
39
70
12
61
53
11
96
5
59
6
44
51
7
9
31
35
53
15
83
17
23
73
74
